0000000000200000000000000000
0000000000200000000000000000
0000000000200000000000000000
0000000000200000000000000000
0000000000211111100000000000
0000000000211111100000000000
0000000000200000200000000000
0000000000200000200000000000
0000000000200000200000000000
1111111111111111111111111100
1111111111111111111111111100
0000000000000000000000020000
0000000000000000000000020000
0000000000020000000000020000
0000000000020000000000020000
0011111111111111111111111111
0011111111111111111111111111
0000200002000000000000000000
0000200002000000000000000000
0000200002000000000002000000
0000200002000000000002000000
1111111111111111111111111100
1111111111111111111111111100
0000000000000020000000020000
0000000000000020000000020000
0000000020000020000000020000
0000000020000020000000020000
0011111111111111111111111111
0011111111111111111111111111
0000200000002000000000000000
0000200000002000000000000000
0000200000002000000000000000
0000200000002000000000000000
1111111111111111111111111100
1111111111111111111111111100
0000000000000000000000020000
0000000000000000000000020000
0000000000200000000000020000
1111111111111111111111111111
1111111111111111111111111111