0000000020200000000000000000
0000000020200000000000000000
0000000020200000000000000000
0000000020200000000000000000
0000000020200000000000000000
0000000020200000000000000000
0000000020200000000000000000
0000000020200000000000000000
0000000020200000000000000000
0000000020200000000000000000
0000000020200000000000000000
0000000020200000000000000000
0000000020200000000000000000
0000000020200000000000000000
0000000020200000000000000000
0000000020200000000000000000
0000000020200000000000000000
0000000020200000000000000000
0000000020200000000000000000
0000000020200000000000000000
0000000020200000000000000000
0000000020200000000000000000
0000000020200000000000000000
0000000020200000000000000000
0000000020211111100000000000
0000000020211111100000000000
0000000020211111100000000000
0000000020211111100000000000
0000000020211111100000000000
0000000020211111100000000000
0000000020211111100000000000
0000000020211111100000000000
0000000020200000200000000000
0000000020200000200000000000
0000000020200000200000000000
0000000020200000200000000000
0000000020200000200000000000
0000000020200000200000000000
0000000020200000200000000000
0000000020200000200000000000
0000000020200000200000000000
0000000020200000200000000000
0000000020200000200000000000
0000000020200000200000000000
0000000020200000200000000000
0000000020200000200000000000
0000000020200000200000000000
0000000020200000200000000000
0000000020200000200000000000
0000000020200000200000000000
0000000020200000200000000000
0000000020200000200000000000
0000000020200000200000000000
0000000020200000200000000000
0000000020200000200000000000
0000000020200000200000000000
0111111111111111111111111110
0111111111111111111111111110
0111111111111111111111111110
0111111111111111111111111110
0111111111111111111111111110
0111111111111111111111111110
0111111111111111111111111110
0111111111111111111111111110
0000000000000000000000000000
0000000000000000000000000000
0000000000000000000000000000
0000000000000000000000000000
0000000000000000000000000000
0000000000000000000000000000
0000000000000000000000000000
0000000000000000000000000000
0000000000000000000000000000
0000000000000000000000000000
0000000000000000000000000000
0000000000000000000000000000
0000000000000000000000000000
0000000000000000000000000000
0000000000000000000000000000
0000000000000000000000000000
0020000000000000000000000200
0020000000000000000000000200
0020000000000000000000000200
0020000000000000000000000200
0020000000000000000000000200
0020000000000000000000000200
0020000000000000000000000200
0020000000000000000000000200
0020000000000000000000000200
0020000000000000000000000200
0020000000000000000000000200
0020000000000000000000000200
0020000000000000000000000200
0020000000000000000000000200
0020000000000000000000000200
0020000000000000000000000200
6666666666666007777777777777
1111111111111001111111111111
1111111111111001111111111111
1111111111111001111111111111
1111111111111001111111111111
1111111111111001111111111111
1111111111111001111111111111
1111111111111001111111111111
0002000000200000020000002000
0002000000200000020000002000
0002000000200000020000002000
0002000000200000020000002000
0002000000200000020000002000
0002000000200000020000002000
0002000000200000020000002000
0002000000200000020000002000
0002000000200000020000002000
0002000000200000020000002000
0002000000200000020000002000
0002000000200000020000002000
0002000000200000020000002000
0002000000200000020000002000
0002000000200000020000002000
0002000000200000020000002000
0002000000200000020000002000
0002000000200000020000002000
0002000000200000020000002000
0002000000200000020000002000
0002000000200000020000002000
0002000000200000020000002000
0002000000200000020000002000
0002000000200000020000002000
0002000000200000020000002000
0002000000200000020000002000
0002000000200000020000002000
0002000000200000020000002000
0002000000200000020000002000
0002000000200000020000002000
0002000000200000020000002000
0002000000200000020000002000
0111110011111111111001111110
0111110011111111111001111110
0111110011111111111001111110
0111110011111111111001111110
0111110011111111111001111110
0111110011111111111001111110
0111110011111111111001111110
0111110011111111111001111110
0000000020000000002000000000
0000000020000000002000000000
0000000020000000002000000000
0000000020000000002000000000
0000000020000000002000000000
0000000020000000002000000000
0000000020000000002000000000
0000000020000000002000000000
0000000020000000002000000000
0000000020000000002000000000
0000000020000000002000000000
0000000020000000002000000000
0000000020000000002000000000
0000000020000000002000000000
0000000020000000002000000000
0000000020000000002000000000
0000000020000000002000000000
0000000020000000002000000000
0000000020000000002000000000
0000000020000000002000000000
0000000020000000002000000000
0000000020000000002000000000
0000000020000000002000000000
0000000020000000002000000000
0000000020000000002000000000
0000000020000000002000000000
0000000020000000002000000000
0000000020000000002000000000
0000000020000000002000000000
0000000020000000002000000000
0000000020000000002000000000
0000000020000000002000000000
5555555555555555555555555555
1111111111111111111111111111
1111111111111111111111111111
1111111111111111111111111111
1111111111111111111111111111
1111111111111111111111111111
1111111111111111111111111111
1111111111111111111111111111
0002000000200000020000002000
0002000000200000020000002000
0002000000200000020000002000
0002000000200000020000002000
0002000000200000020000002000
0002000000200000020000002000
0002000000200000020000002000
0002000000200000020000002000
0002000000200000020000002000
0002000000200000020000002000
0002000000200000020000002000
0002000000200000020000002000
0002000000200000020000002000
0002000000200000020000002000
0002000000200000020000002000
0002000000200000020000002000
0002000000200000020000002000
0002000000200000020000002000
0002000000200000020000002000
0002000000200000020000002000
0002000000200000020000002000
0002000000200000020000002000
0002000000200000020000002000
0002000000200000020000002000
0002000000200000020000002000
0002000000200000020000002000
0002000000200000020000002000
0002000000200000020000002000
0002000000200000020000002000
0002000000200000020000002000
0002000000200000020000002000
0002000000200000020000002000
1111111111111111111111111111
1111111111111111111111111111
1111111111111111111111111111
1111111111111111111111111111
1111111111111111111111111111
1111111111111111111111111111
1111111111111111111111111111
1111111111111111111111111111

