0000000020200000000000000000
0000000020200000000000000000
0000000020200000000000000000
0000000020200000000000000000
0000000020200000000000000000
0000000020200000000000000000
0000000020200000000000000000
0000000020200000000000000000
0000000020200000000000000000
0000000020200000000000000000
0000000020200000000000000000
0000000020200000000000000000
0000000020200000000000000000
0000000020200000000000000000
0000000020200000000000000000
0000000020200000000000000000
0000000020200000000000000000
0000000020200000000000000000
0000000020200000000000000000
0000000020200000000000000000
0000000020200000000000000000
0000000020200000000000000000
0000000020200000000000000000
0000000020200000000000000000
0000000020211111100000000000
0000000020211111100000000000
0000000020211111100000000000
0000000020211111100000000000
0000000020211111100000000000
0000000020211111100000000000
0000000020211111100000000000
0000000020200000200000000000
0000000020200000200000000000
0000000020200000200000000000
0000000020200000200000000000
0000000020200000200000000000
0000000020200000200000000000
0000000020200000200000000000
0000000020200000200000000000
0000000020200000200000000000
0000000020200000200000000000
0000000020200000200000000000
0000000020200000200000000000
0000000020200000200000000000
0000000020200000200000000000
0000000020200000200000000000
0000000020200000200000000000
0000000020200000200000000000
0000000020200000200000000000
0000000020200000200000000000
0000000020200000200000000000
0000000020200000200000000000
0000000020200000200000000000
0000000020200000200000000000
0000000020200000200000000000
0000000020200000200000000000
1111111111111111111110000000
1111111111111111111110000000
1111111111111111111110000000
1111111111111111111110000000
1111111111111111111110000000
1111111111111111111110000000
1111111111111111111110000000
1111111111111111111110000000
0000000000000000000020000000
0000000000000000000020000000
0000000000000000000020000000
0000000000000000000020000000
0000000000000000000020000000
0000000000000000000020000000
0000000000000000000020000000
0000000000000000000020000000
0000000000000000000020000011
0000000000000000000020000011
0000000000000000000020000011
0000000000000000000020000011
0000000000000000000020000011
0000000000000000000020000011
0000000000000000000020000011
0000000000000000000020000020
0000000000000000000020011020
0000000000000000000020011020
0000000000000000000020011020
0000000000000000000020011020
0000000000000000000020011020
0000000000000000000020011020
0000000000000000000020011020
0000000000000000000020000020
0000000000000000000011000020
0000000000000000000011000020
0000000000000000000011000020
0000000000000000000011000020
0000000000000000000011000020
0000000000000000000011000020
0000000000000000000011000020
0000000000000000000011000020
0000000000000000111000000020
0000000000000000111000000020
0000000000000000111000000020
0000000000000000111000000020
0000000000000000111000000020
0000000000000000111000000020
0000000000000000111000000020
0000000000000000111000000020
1110000111100000020000000020
1110000111100000020000000020
1110000111100000020000000020
1110000111100000020000000020
1110000111100000020000000020
1110000111100000020000000020
1110000111100000020000000020
0020000020200000020000000020
0020000020200000020000011111
0020000020200000020000011111
0020000020200000020000011111
0020000020200000020000011111
0020000020200000020000011111
0020000020200000020000011111
0020000020200000020000011111
0020000020200000020000020000
0020000020200000020000020000
0020000020200000020000020000
0020000020200000020000020000
0020000020200000020000020000
0020000020200000020000020000
0020000020200000020000020000
0020000020200000020000020000
0020000020200000020000020000
0020000020200000011000020000
0020000020200000011000020000
0020000020200000011000020000
0020000020200000011000020000
0020000020200000011000020000
0020000020200000011000020000
0020000020200000011000020000
0020000020200000000000020000
0020000020200000000011020000
0020000020200000000011020000
0020000020200000000011020000
0020000020200000000011020000
0020000020200000000011020000
0020000020200000000011020000
0020000020200000000011020000
0020000020200000000000020000
0020000020200000000000011000
0020000020200000000000011000
0020000020200000000000011000
0020000020200000000000011000
0020000020200000000000011000
0020000020200000000000011000
0020000020200000000000011000
0020000020200000000000000000
0020000020200000000000000011
0020000020200000000000000011
0020000020200000000000000011
0020000020200000000000000011
0020000020200000000000000011
0020000020200000000000000011
0020000020200000000000000011
0020000020200000000000000020
1110000020200000000000000020
1110000020200000000000000020
1110000020200000000000000020
1110000020200000000000000020
1110000020200000000000000020
1110000020200000000000000020
1110000020200000000000000020
0200000020200000000000000020
0200000020200000000000000020
0200000020200000000000000020
0200000020200000000000000020
0200000020200000000000000020
0200000020200000000000000020
0200000020200000000000000020
0200000020200000000000000020
0200000020200000000000000020
0200000011100000000000000111
0200000011100000000000000111
0200000011100000000000000111
0200000011100000000000000111
0200000011100000000000000111
0200000011100000000000000111
0200000011100000000000000111
0200000000000000000000000000
0200000000000000000000110000
0200000000000000000000110000
0200000000000000000000110000
0200000000000000000000110000
0200000000000000000000110000
0200000000000000000000110000
0200000000000000000000110000
0200000000000000000000000000
0200000000000000000110000000
0200000000000000000110000000
0200000000000000000110000000
0200000000000000000110000000
0200000000000000000110000000
0200000000000000000110000000
0200000000000000000110000000
0200000000000000000110000000
1110000000000001110000000000
1110000000000001110000000000
1110000000000001110000000000
1110000000000001110000000000
1110000000000001110000000000
1110000000000001110000000000
1110000000000001110000000000
0000000000000000000000000000
0000000000000000000000000000
0000000000000000000000000000
0000000000000000000000000000
0000000000000000000000000000
0000000000000000000000000000
0000000000000000000000000000
0000000000000000000000000000
0000000000000000000000000000
1111111111111111111111111111
1111111111111111111111111111
1111111111111111111111111111
1111111111111111111111111111
1111111111111111111111111111
1111111111111111111111111111
1111111111111111111111111111
1111111111111111111111111111