0000000000000000000000000000
0000000000000000000000000000
0000000000000000000000000000
0000000000000000000000000000
0000000000000000000000000000
0000000000000000000000000000
0000000000000000000000000000
0000000000000000000000000000
0000000000000000000000000000
0000000000000000000000000000
0000000000000000000000000000
0000000000000000000000000000
0000000000000000000000000000
0000000000000000000000000000
0000000000000000000000000000
0000000000000000000000000000
0000000111111111111110000000
0000000111111111111110000000
0000000111111111111110000000
0000000111111111111110000000
0000000111111111111110000000
0000000111111111111110000000
0000000111111111111110000000
0000000111111111111110000000
0000000000000000000000000000
0000000000000000000000000000
0000000000000000000000000000
0000000000000000000000000000
0000000000000000000000000000
0000000000000000000000000000
0000000000000000000000000000
0000000000000000000000000000
0000000000000000000000000000
0000000000000000000000000000
0000000000000000000000000000
0000000000000000000000000000
0000000000000000000000000000
0000000000000000000000000000
0000000000000000000000000000
0000000000000000000000000000
0000000000000000000000000000
0000000000000000000000000000
0000000000000000000000000000
0000000000000000000000000000
0000000000000000000000000000
0000000000000000000000000000
0000000000000000000000000000
0000000000000000000000000000
0000000000000000000000000000
0000000000000000000000000000
0000000000000000000000000000
0000000000000000000000000000
0000000000000000000000000000
0000000000000000000000000000
0000000000000000000000000000
0000000000000000000000000000
0000111011111111111101110000
0000111011111111111101110000
0000111011111111111101110000
0000111011111111111101110000
0000111011111111111101110000
0000111011111111111101110000
0000111011111111111101110000
0000111011111111111101110000
0000200020000000000200020000
0000200020000000000200020000
0000200020000000000200020000
0000200020000000000200020000
0000200020000000000200020000
0000200020000000000200020000
0000200020000000000200020000
0000200020000000000200020000
0000200020000000000200020000
0000200020000000000200020000
0000200020000000000200020000
0000200020000000000200020000
0000200020000000000200020000
0000200020000000000200020000
0000200020000000000200020000
0000200020000000000200020000
0000200020000000000200020000
0000200020000000000200020000
0000200020000000000200020000
0000200020000000000200020000
0000200020000000000200020000
0000200020000000000200020000
0000200020000000000200020000
0000200020000000000200020000
0000200020000000000200020000
0000200020000000000200020000
0000200020000000000200020000
0000200020000000000200020000
0000200020000000000200020000
0000200020000000000200020000
0000200020000000000200020000
0000200020000000000200020000
0001111011111111111101111000
0001111011111111111101111000
0001111011111111111101111000
0001111011111111111101111000
0001111011111111111101111000
0001111011111111111101111000
0001111011111111111101111000
0001111011111111111101111000
0002000000000200000000002000
0002000000000200000000002000
0002000000000200000000002000
0002000000000200000000002000
0002000000000200000000002000
0002000000000200000000002000
0002000000000200000000002000
0002000000000200000000002000
0002000000000200000000002000
0002000000000200000000002000
0002000000000200000000002000
0002000000000200000000002000
0002000000000200000000002000
0002000000000200000000002000
0002000000000200000000002000
0002000000000200000000002000
0002000000000200000000002000
0002000000000200000000002000
0002000000000200000000002000
0002000000000200000000002000
0002000000000200000000002000
0002000000000200000000002000
0002000000000200000000002000
0002000000000200000000002000
0002000000000200000000002000
0002000000000200000000002000
0002000000000200000000002000
0002000000000200000000002000
0002000000000200000000002000
0002000000000200000000002000
0002000000000200000000002000
0002000000000200000000002000
0011111011111111111101111100
0011111011111111111101111100
0011111011111111111101111100
0011111011111111111101111100
0011111011111111111101111100
0011111011111111111101111100
0011111011111111111101111100
0011111011111111111101111100
0020000002000000002000000200
0020000002000000002000000200
0020000002000000002000000200
0020000002000000002000000200
0020000002000000002000000200
0020000002000000002000000200
0020000002000000002000000200
0020000002000000002000000200
0020000002000000002000000200
0020000002000000002000000200
0020000002000000002000000200
0020000002000000002000000200
0020000002000000002000000200
0020000002000000002000000200
0020000002000000002000000200
0020000002000000002000000200
0020000002000000002000000200
0020000002000000002000000200
0020000002000000002000000200
0020000002000000002000000200
0020000002000000002000000200
0020000002000000002000000200
0020000002000000002000000200
0020000002000000002000000200
0020000002000000002000000200
0020000002000000002000000200
0020000002000000002000000200
0020000002000000002000000200
0020000002000000002000000200
0020000002000000002000000200
0020000002000000002000000200
0020000002000000002000000200
0111111011111111111101111110
0111111011111111111101111110
0111111011111111111101111110
0111111011111111111101111110
0111111011111111111101111110
0111111011111111111101111110
0111111011111111111101111110
0111111011111111111101111110
0200000000000200000000000020
0200000000000200000000000020
0200000000000200000000000020
0200000000000200000000000020
0200000000000200000000000020
0200000000000200000000000020
0200000000000200000000000020
0200000000000200000000000020
0200000000000200000000000020
0200000000000200000000000020
0200000000000200000000000020
0200000000000200000000000020
0200000000000200000000000020
0200000000000200000000000020
0200000000000200000000000020
0200000000000200000000000020
0200000000000200000000000020
0200000000000200000000000020
0200000000000200000000000020
0200000000000200000000000020
0200000000000200000000000020
0200000000000200000000000020
0200000000000200000000000020
0200000000000200000000000020
0200000000000200000000000020
0200000000000200000000000020
0200000000000200000000000020
0200000000000200000000000020
0200000000000200000000000020
0200000000000200000000000020
0200000000000200000000000020
0200000000000200000000000020
1111111111111111111111111111
1111111111111111111111111111
1111111111111111111111111111
1111111111111111111111111111
1111111111111111111111111111
1111111111111111111111111111
1111111111111111111111111111
1111111111111111111111111111
